MHT633 Macro File
12C 9
3C_3_cycle 2 -61 28
1541 366 752 368 750 366 752 368 750 366 752 368 750 1853 752 366 
750 368 752 366 750 368 752 366 750 368 1851 1539 
4C_2_rotate 2 -179 120
716 219 422 221 420 219 422 221 420 219 422 221 420 20 422 219 
420 221 422 219 420 221 422 219 420 221 18 714 531 716 20 219 
422 221 420 219 422 221 420 219 422 221 420 18 422 219 420 221 
422 219 420 221 422 219 420 221 714 533 0 18 531 716 219 422 
221 420 219 422 221 420 219 422 221 420 20 422 219 420 221 422 
219 420 221 422 219 420 221 18 714 533 716 20 219 422 221 420 
219 422 221 420 219 422 221 420 18 422 219 420 221 422 219 420 
221 422 219 420 221 714 20 2 
3C_parity 2 177 3425
920 348 38 350 36 350 879 348 881 348 38 350 36 827 348 38 
350 36 825 825 38 348 36 350 827 827 348 38 350 36 825 917 
917 38 348 36 350 915 915 827 827 38 348 36 350 350 879 348 
881 348 38 350 36 825 825 38 348 36 350 917 917 348 38 350 
36 915 915 825 825 348 38 350 36 827 827 881 38 348 36 350 
879 348 38 350 36 825 825 38 348 36 350 350 879 348 881 348 
38 350 36 827 827 38 348 36 350 350 879 348 881 348 38 350 
36 872 915 1448 185 54 440 56 438 54 440 56 438 54 440 56 
438 183 440 54 438 56 440 54 438 56 440 54 438 56 1446 917 
870 825 825 825 1448 54 440 56 438 54 440 56 438 54 440 56 
438 185 440 54 438 56 440 54 438 56 440 54 438 56 183 1446 
827 827 827 827 827 1448 185 54 440 56 438 54 440 56 438 54 
440 56 438 183 440 54 438 56 440 54 438 56 440 54 438 56 
1446 825 825 1448 54 440 56 438 54 440 56 438 54 440 56 438 
185 440 54 438 56 440 54 438 56 440 54 438 56 183 1446 1448 
54 440 56 438 54 440 56 438 54 440 56 438 185 440 54 438 
56 440 54 438 56 440 54 438 56 183 1446 920 1448 185 54 440 
56 438 54 440 56 438 54 440 56 438 183 440 54 438 56 440 
54 438 56 440 54 438 56 1446 918 497 827 1448 185 54 440 56 
438 54 440 56 438 54 440 56 438 183 440 54 438 56 440 54 
438 56 440 54 438 56 1446 825 495 825 825 1448 54 440 56 438 
54 440 56 438 54 440 56 438 185 440 54 438 56 440 54 438 
56 440 54 438 56 183 1446 1448 54 440 56 438 54 440 56 438 
54 440 56 438 185 440 54 438 56 440 54 438 56 440 54 438 
56 183 1446 920 1448 185 54 440 56 438 54 440 56 438 54 440 
56 438 183 440 54 438 56 440 54 438 56 440 54 438 56 1446 
918 1448 54 440 56 438 54 440 56 438 54 440 56 438 185 440 
54 438 56 440 54 438 56 440 54 438 56 183 1446 920 1448 185 
54 440 56 438 54 440 56 438 54 440 56 438 183 440 54 438 
56 440 54 438 56 440 54 438 56 1446 918 827 662 716 917 920 
1448 54 440 56 438 54 440 56 438 54 440 56 438 185 440 54 
438 56 440 54 438 56 440 54 438 56 183 1446 918 1448 185 54 
440 56 438 54 440 56 438 54 440 56 438 183 440 54 438 56 
440 54 438 56 440 54 438 56 1446 915 714 660 825 827 827 861 
861 1448 185 54 440 56 438 54 440 56 438 54 440 56 438 183 
440 54 438 56 440 54 438 56 440 54 438 56 1446 863 863 825 
1448 54 440 56 438 54 440 56 438 54 440 56 438 185 440 54 
438 56 440 54 438 56 440 54 438 56 183 1446 827 861 861 917 
1448 185 54 440 56 438 54 440 56 438 54 440 56 438 183 440 
54 438 56 440 54 438 56 440 54 438 56 1446 827 662 716 917 
1448 54 440 56 438 54 440 56 438 54 440 56 438 185 440 54 
438 56 440 54 438 56 440 54 438 56 183 1446 920 1448 185 54 
440 56 438 54 440 56 438 54 440 56 438 183 440 54 438 56 
440 54 438 56 440 54 438 56 1446 918 915 714 660 825 920 1448 
54 440 56 438 54 440 56 438 54 440 56 438 185 440 54 438 
56 440 54 438 56 440 54 438 56 183 1446 918 1448 185 54 440 
56 438 54 440 56 438 54 440 56 438 183 440 54 438 56 440 
54 438 56 440 54 438 56 1446 915 863 863 842 915 915 1448 54 
440 56 438 54 440 56 438 54 440 56 438 185 440 54 438 56 
440 54 438 56 440 54 438 56 183 1446 917 917 840 917 917 1448 
185 54 440 56 438 54 440 56 438 54 440 56 438 183 440 54 
438 56 440 54 438 56 440 54 438 56 1446 1448 54 440 56 438 
54 440 56 438 54 440 56 438 185 440 54 438 56 440 54 438 
56 440 54 438 56 183 1446 920 1448 185 54 440 56 438 54 440 
56 438 54 440 56 438 183 440 54 438 56 440 54 438 56 440 
54 438 56 1446 918 915 915 842 1448 54 440 56 438 54 440 56 
438 54 440 56 438 185 440 54 438 56 440 54 438 56 440 54 
438 56 183 1446 840 926 917 1448 185 54 440 56 438 54 440 56 
438 54 440 56 438 183 440 54 438 56 440 54 438 56 440 54 
438 56 1446 915 924 926 917 1448 54 440 56 438 54 440 56 438 
54 440 56 438 185 440 54 438 56 440 54 438 56 440 54 438 
56 183 1446 920 1448 185 54 440 56 438 54 440 56 438 54 440 
56 438 183 440 54 438 56 440 54 438 56 440 54 438 56 1446 
918 915 924 872 1448 54 440 56 438 54 440 56 438 54 440 56 
438 185 440 54 438 56 440 54 438 56 440 54 438 56 183 1446 
870 497 827 1448 185 54 440 56 438 54 440 56 438 54 440 56 
438 183 440 54 438 56 440 54 438 56 440 54 438 56 1446 825 
495 872 915 915 915 1448 54 440 56 438 54 440 56 438 54 440 
56 438 185 440 54 438 56 440 54 438 56 440 54 438 56 183 
1446 827 662 716 917 1448 54 440 56 438 54 440 56 438 54 440 
56 438 185 440 54 438 56 440 54 438 56 440 54 438 56 183 
1446 920 1448 185 54 440 56 438 54 440 56 438 54 440 56 438 
183 440 54 438 56 440 54 438 56 440 54 438 56 1446 918 915 
714 660 825 920 1448 54 440 56 438 54 440 56 438 54 440 56 
438 185 440 54 438 56 440 54 438 56 440 54 438 56 183 1446 
918 1448 185 54 440 56 438 54 440 56 438 54 440 56 438 183 
440 54 438 56 440 54 438 56 440 54 438 56 1446 917 917 917 
870 872 917 917 917 1448 54 440 56 438 54 440 56 438 54 440 
56 438 185 440 54 438 56 440 54 438 56 440 54 438 56 183 
1446 920 1448 185 54 440 56 438 54 440 56 438 54 440 56 438 
183 440 54 438 56 440 54 438 56 440 54 438 56 1446 918 915 
915 915 870 827 1448 185 54 440 56 438 54 440 56 438 54 440 
56 438 183 440 54 438 56 440 54 438 56 440 54 438 56 1446 
1448 54 440 56 438 54 440 56 438 54 440 56 438 185 440 54 
438 56 440 54 438 56 440 54 438 56 183 1446 920 1448 185 54 
440 56 438 54 440 56 438 54 440 56 438 183 440 54 438 56 
440 54 438 56 440 54 438 56 1446 918 1448 54 440 56 438 54 
440 56 438 54 440 56 438 185 440 54 438 56 440 54 438 56 
440 54 438 56 183 1446 920 1448 185 54 440 56 438 54 440 56 
438 54 440 56 438 183 440 54 438 56 440 54 438 56 440 54 
438 56 1446 918 827 662 716 917 920 1448 54 440 56 438 54 440 
56 438 54 440 56 438 185 440 54 438 56 440 54 438 56 440 
54 438 56 183 1446 918 1448 185 54 440 56 438 54 440 56 438 
54 440 56 438 183 440 54 438 56 440 54 438 56 440 54 438 
56 1446 915 714 660 825 825 662 167 420 128 422 126 420 128 422 
126 420 128 422 126 165 128 420 126 422 128 420 126 422 128 420 
126 422 660 662 420 128 422 126 420 128 422 126 420 128 422 126 
167 128 420 126 422 128 420 126 422 128 420 126 422 165 660 1610 
662 167 420 128 422 126 420 128 422 126 420 128 422 126 165 128 
420 126 422 128 420 126 422 128 420 126 422 660 1608 1595 1448 1322 
1487 662 420 128 422 126 420 128 422 126 420 128 422 126 167 128 
420 126 422 128 420 126 422 128 420 126 422 165 660 1610 662 167 
420 128 422 126 420 128 422 126 420 128 422 126 165 128 420 126 
422 128 420 126 422 128 420 126 422 660 1608 1485 1320 1446 1593 1610 
662 420 128 422 126 420 128 422 126 420 128 422 126 167 128 420 
126 422 128 420 126 422 128 420 126 422 165 660 1608 662 167 420 
128 422 126 420 128 422 126 420 128 422 126 165 128 420 126 422 
128 420 126 422 128 420 126 422 660 1541 366 752 368 750 366 752 
368 750 366 752 368 750 1853 752 366 750 368 752 366 750 368 752 
366 750 368 1851 1539 59 1541 1853 366 752 368 750 366 752 368 750 
366 752 368 750 1851 752 366 750 368 752 366 750 368 752 366 750 
368 1539 57 20 185 293 56 59 1541 366 752 368 750 366 752 368 
750 366 752 368 750 1853 752 366 750 368 752 366 750 368 752 366 
750 368 1851 1539 57 1541 1853 366 752 368 750 366 752 368 750 366 
752 368 750 1851 752 366 750 368 752 366 750 368 752 366 750 368 
1539 54 291 183 18 641 476 951 1871 953 1869 951 1871 953 1869 951 
1871 953 1869 474 1871 951 1869 953 1871 951 1869 953 1871 951 1869 953 
639 641 951 1871 953 1869 951 1871 953 1869 951 1871 953 1869 476 1871 
951 1869 953 1871 951 1869 953 1871 951 1869 953 474 639 1151 641 476 
951 1871 953 1869 951 1871 953 1869 951 1871 953 1869 474 1871 951 1869 
953 1871 951 1869 953 1871 951 1869 953 639 1149 1028 1412 1466 1136 641 
951 1871 953 1869 951 1871 953 1869 951 1871 953 1869 476 1871 951 1869 
953 1871 951 1869 953 1871 951 1869 953 474 639 1151 641 476 951 1871 
953 1869 951 1871 953 1869 951 1871 953 1869 474 1871 951 1869 953 1871 
951 1869 953 1871 951 1869 953 639 1149 1134 1464 1410 1026 1151 641 951 
1871 953 1869 951 1871 953 1869 951 1871 953 1869 476 1871 951 1869 953 
1871 951 1869 953 1871 951 1869 953 474 639 1149 641 476 951 1871 953 
1869 951 1871 953 1869 951 1871 953 1869 474 1871 951 1869 953 1871 951 
1869 953 1871 951 1869 953 639 680 680 680 458 1905 935 1907 933 1905 
935 1907 933 1905 935 1907 933 605 935 1905 933 1907 935 1905 933 1907 
935 1905 933 1907 603 456 458 1905 935 1907 933 1905 935 1907 933 1905 
935 1907 933 605 935 1905 933 1907 935 1905 933 1907 935 1905 933 1907 
603 456 683 458 605 1905 935 1907 933 1905 935 1907 933 1905 935 1907 
933 603 935 1905 933 1907 935 1905 933 1907 935 1905 933 1907 456 681 
806 1301 1211 680 458 1905 935 1907 933 1905 935 1907 933 1905 935 1907 
933 605 935 1905 933 1907 935 1905 933 1907 935 1905 933 1907 603 456 
683 458 605 1905 935 1907 933 1905 935 1907 933 1905 935 1907 933 603 
935 1905 933 1907 935 1905 933 1907 935 1905 933 1907 456 681 678 1209 
1299 804 683 458 1905 935 1907 933 1905 935 1907 933 1905 935 1907 933 
605 935 1905 933 1907 935 1905 933 1907 935 1905 933 1907 603 456 681 
458 605 1905 935 1907 933 1905 935 1907 933 1905 935 1907 933 603 935 
1905 933 1907 935 1905 933 1907 935 1905 933 1907 456 678 678 678 458 
1905 935 1907 933 1905 935 1907 933 1905 935 1907 933 605 935 1905 933 
1907 935 1905 933 1907 935 1905 933 1907 603 456 1136 933 1907 935 1905 
933 1907 935 1905 933 1907 935 1905 806 1907 933 1905 935 1907 933 1905 
935 1907 933 1905 935 804 1134 650 1136 806 933 1907 935 1905 933 1907 
935 1905 933 1907 935 1905 804 1907 933 1905 935 1907 933 1905 935 1907 
933 1905 935 1134 648 603 603 650 1136 933 1907 935 1905 933 1907 935 
1905 933 1907 935 1905 806 1907 933 1905 935 1907 933 1905 935 1907 933 
1905 935 804 1134 648 1136 806 933 1907 935 1905 933 1907 935 1905 933 
1907 935 1905 804 1907 933 1905 935 1907 933 1905 935 1907 933 1905 935 
1134 605 605 806 879 1943 881 1941 879 1943 881 1941 879 1943 881 1941 
1301 1943 879 1941 881 1943 879 1941 881 1943 879 1941 881 1299 804 458 
806 1301 879 1943 881 1941 879 1943 881 1941 879 1943 881 1941 1299 1943 
879 1941 881 1943 879 1941 881 1943 879 1941 881 804 456 458 1412 1668 
935 1670 933 1668 935 1670 933 1668 935 1670 933 1410 935 1668 933 1670 
935 1668 933 1670 935 1668 933 1670 456 458 1668 935 1670 933 1668 935 
1670 933 1668 935 1670 933 1412 935 1668 933 1670 935 1668 933 1670 935 
1668 933 1670 1410 456 608 458 1412 1668 935 1670 933 1668 935 1670 933 
1668 935 1670 933 1410 935 1668 933 1670 935 1668 933 1670 935 1668 933 
1670 456 606 20 1464 476 1466 474 1464 476 1466 474 1464 476 1466 474 
1595 476 1464 474 1466 476 1464 474 1466 476 1464 474 1466 1593 18 956 
20 1595 1464 476 1466 474 1464 476 1466 474 1464 476 1466 474 1593 476 
1464 474 1466 476 1464 474 1466 476 1464 474 1466 18 954 917 20 1464 
476 1466 474 1464 476 1466 474 1464 476 1466 474 1595 476 1464 474 1466 
476 1464 474 1466 476 1464 474 1466 1593 18 956 20 1595 1464 476 1466 
474 1464 476 1466 474 1464 476 1466 474 1593 476 1464 474 1466 476 1464 
474 1466 476 1464 474 1466 18 954 915 20 1464 476 1466 474 1464 476 
1466 474 1464 476 1466 474 1595 476 1464 474 1466 476 1464 474 1466 476 
1464 474 1466 1593 18 956 20 1595 1464 476 1466 474 1464 476 1466 474 
1464 476 1466 474 1593 476 1464 474 1466 476 1464 474 1466 476 1464 474 
1466 18 954 953 1871 1925 917 956 20 1464 476 1466 474 1464 476 1466 
474 1464 476 1466 474 1595 476 1464 474 1466 476 1464 474 1466 476 1464 
474 1466 1593 18 954 20 1595 1464 476 1466 474 1464 476 1466 474 1464 
476 1466 474 1593 476 1464 474 1466 476 1464 474 1466 476 1464 474 1466 
18 915 1923 1869 951 806 879 1943 881 1941 879 1943 881 1941 879 1943 
881 1941 1301 1943 879 1941 881 1943 879 1941 881 1943 879 1941 881 1299 
804 467 806 1301 879 1943 881 1941 879 1943 881 1941 879 1943 881 1941 
1299 1943 879 1941 881 1943 879 1941 881 1943 879 1941 881 804 465 458 
605 641 476 467 806 879 1943 881 1941 879 1943 881 1941 879 1943 881 
1941 1301 1943 879 1941 881 1943 879 1941 881 1943 879 1941 881 1299 804 
465 806 1301 879 1943 881 1941 879 1943 881 1941 879 1943 881 1941 1299 
1943 879 1941 881 1943 879 1941 881 1943 879 1941 881 804 474 639 603 
456 678 1026 1394 861 1778 863 1776 861 1778 863 1776 861 1778 863 1776 
404 1778 861 1776 863 1778 861 1776 863 1778 861 1776 863 402 1392 1394 
861 1778 863 1776 861 1778 863 1776 861 1778 863 1776 404 1778 861 1776 
863 1778 861 1776 863 1778 861 1776 863 402 1392 1067 1394 404 861 1778 
863 1776 861 1778 863 1776 861 1778 863 1776 402 1778 861 1776 863 1778 
861 1776 863 1778 861 1776 863 1392 1065 1028 680 1887 1028 1028 1028 603 
404 843 1760 845 1758 843 1760 845 1758 843 1760 845 1758 734 1760 843 
1758 845 1760 843 1758 845 1760 843 1758 845 732 402 605 1026 1026 1026 
1889 917 716 734 899 569 438 1778 440 1776 438 1778 440 1776 438 1778 
440 1776 1559 1778 438 1776 440 1778 438 1776 440 1778 438 1776 440 1557 
567 908 569 1559 438 1778 440 1776 438 1778 440 1776 438 1778 440 1776 
1557 1778 438 1776 440 1778 438 1776 440 1778 438 1776 440 567 906 897 
732 714 915 908 569 438 1778 440 1776 438 1778 440 1776 438 1778 440 
1776 1559 1778 438 1776 440 1778 438 1776 440 1778 438 1776 440 1557 567 
906 569 1559 438 1778 440 1776 438 1778 440 1776 438 1778 440 1776 1557 
1778 438 1776 440 1778 438 1776 440 1778 438 1776 440 567 476 786 1907 
788 1905 786 1907 788 1905 786 1907 788 1905 311 1907 786 1905 788 1907 
786 1905 788 1907 786 1905 788 309 474 986 476 311 786 1907 788 1905 
786 1907 788 1905 786 1907 788 1905 309 1907 786 1905 788 1907 786 1905 
788 1907 786 1905 788 474 984 863 863 986 476 786 1907 788 1905 786 
1907 788 1905 786 1907 788 1905 311 1907 786 1905 788 1907 786 1905 788 
1907 786 1905 788 309 474 984 476 311 786 1907 788 1905 786 1907 788 
1905 786 1907 788 1905 309 1907 786 1905 788 1907 786 1905 788 1907 786 
1905 788 474 863 1247 1301 971 476 786 1907 788 1905 786 1907 788 1905 
786 1907 788 1905 311 1907 786 1905 788 1907 786 1905 788 1907 786 1905 
788 309 474 986 476 311 786 1907 788 1905 786 1907 788 1905 786 1907 
788 1905 309 1907 786 1905 788 1907 786 1905 788 1907 786 1905 788 474 
984 969 1299 1245 861 986 476 786 1907 788 1905 786 1907 788 1905 786 
1907 788 1905 311 1907 786 1905 788 1907 786 1905 788 1907 786 1905 788 
309 474 984 476 311 786 1907 788 1905 786 1907 788 1905 786 1907 788 
1905 309 1907 786 1905 788 1907 786 1905 788 1907 786 1905 788 474 861 
861 
2C_2_flip 2 297 8
368 0 366 2 366 752 368 750 
3C_1_rotate 2 -61 124
1541 366 752 368 750 366 752 368 750 366 752 368 750 1853 752 366 
750 368 752 366 750 368 752 366 750 368 1851 1539 59 1541 1853 366 
752 368 750 366 752 368 750 366 752 368 750 1851 752 366 750 368 
752 366 750 368 752 366 750 368 1539 57 20 185 293 56 59 1541 
366 752 368 750 366 752 368 750 366 752 368 750 1853 752 366 750 
368 752 366 750 368 752 366 750 368 1851 1539 57 1541 1853 366 752 
368 750 366 752 368 750 366 752 368 750 1851 752 366 750 368 752 
366 750 368 752 366 750 368 1539 54 291 183 18 
4C_3_cycle 2 -179 58
716 219 422 221 420 219 422 221 420 219 422 221 420 20 422 219 
420 221 422 219 420 221 422 219 420 221 18 714 531 716 20 219 
422 221 420 219 422 221 420 219 422 221 420 18 422 219 420 221 
422 219 420 221 422 219 420 221 714 533 
2C_3_cycle 2 -61 4
366 752 368 750 
3C_2_flip 2 -61 58
1541 366 752 368 750 366 752 368 750 366 752 368 750 1853 752 366 
750 368 752 366 750 368 752 366 750 368 1851 1539 59 1541 1853 366 
752 368 750 366 752 368 750 366 752 368 750 1851 752 366 750 368 
752 366 750 368 752 366 750 368 1539 57 
4C_1_doubleflip 2 59 244
716 219 422 221 420 219 422 221 420 219 422 221 420 20 422 219 
420 221 422 219 420 221 422 219 420 221 18 714 531 716 20 219 
422 221 420 219 422 221 420 219 422 221 420 18 422 219 420 221 
422 219 420 221 422 219 420 221 714 533 0 18 531 716 219 422 
221 420 219 422 221 420 219 422 221 420 20 422 219 420 221 422 
219 420 221 422 219 420 221 18 714 533 716 20 219 422 221 420 
219 422 221 420 219 422 221 420 18 422 219 420 221 422 219 420 
221 422 219 420 221 714 20 2 752 716 0 18 716 219 422 221 
420 219 422 221 420 219 422 221 420 20 422 219 420 221 422 219 
420 221 422 219 420 221 18 714 531 716 20 219 422 221 420 219 
422 221 420 219 422 221 420 18 422 219 420 221 422 219 420 221 
422 219 420 221 714 533 20 2 531 716 219 422 221 420 219 422 
221 420 219 422 221 420 20 422 219 420 221 422 219 420 221 422 
219 420 221 18 714 533 716 20 219 422 221 420 219 422 221 420 
219 422 221 420 18 422 219 420 221 422 219 420 221 422 219 420 
221 714 714 750 
