MHT633 Macro File
8C 12
3C_3cycle3 2 181 28
107 830 219 828 221 830 219 828 221 830 219 828 221 366 219 830 
221 828 219 830 221 828 219 830 221 828 368 105 
comm11x3 0 6 12
239 108 237 110 239 108 237 110 239 108 237 110 
backup_3C_3cycle2 2 183 26
830 219 828 221 830 219 828 221 830 219 828 221 366 219 830 221 
828 219 830 221 828 219 830 221 828 368 
2C_3cycle 2 -62 4
350 534 348 536 
comm11 0 -127 4
221 54 219 56 
2C_2flip 2 308 8
350 534 348 536 72 536 74 534 
3C_1rotate 2 64 118
452 647 516 645 518 647 516 645 518 647 516 645 518 219 516 647 
518 645 516 647 518 645 516 647 518 645 221 450 446 452 219 647 
516 645 518 647 516 645 518 647 516 645 518 221 516 647 518 645 
516 647 518 645 516 647 518 645 450 446 17 452 647 516 645 518 
647 516 645 518 647 516 645 518 219 516 647 518 645 516 647 518 
645 516 647 518 645 221 450 446 452 219 647 516 645 518 647 516 
645 518 647 516 645 518 221 516 647 518 645 516 647 518 645 516 
647 518 645 450 446 17 
2C_2cycle 2 -181 39
20 185 294 183 296 20 294 185 296 183 20 185 294 183 296 20 
294 185 296 183 20 185 294 183 296 20 294 185 296 183 20 185 
294 183 296 90 296 92 294 
4c_3cycle 2 206 26
239 606 237 608 239 606 237 608 239 606 237 608 2 606 239 608 
237 606 239 608 237 606 239 608 237 0 
backup_3C_3cycle 2 61 26
923 366 921 368 923 366 921 368 923 366 921 368 18 366 923 368 
921 366 923 368 921 366 923 368 921 20 
3C_change 2 -61 12
350 534 348 536 350 534 348 536 350 534 348 536 
3C_2flip 2 182 58
107 830 219 828 221 830 219 828 221 830 219 828 221 366 219 830 
221 828 219 830 221 828 219 830 221 828 368 105 11 107 366 830 
219 828 221 830 219 828 221 830 219 828 221 368 219 830 221 828 
219 830 221 828 219 830 221 828 105 11 
